INSERT INTO `houses`
	(type, price, owned, locked, owner, in_id, ex_x, ex_y, ex_z, in_x, in_y, in_z) VALUES
	('Medium-end', 8000, 0, 0, 'FOR SALE', 10, -2627.02, 2283.38, 8.30991, 24.3769, 1341.18, 1084.38),
	('Medium-end', 8000, 0, 0, 'FOR SALE', 10, -2627.02, 2291.97, 8.31254, 24.3769, 1341.18, 1084.38),
	('Medium-end', 8000, 0, 0, 'FOR SALE', 10, -2626.99, 2309.98, 8.30965, 24.3769, 1341.18, 1084.38),
	('Medium-end', 8000, 0, 0, 'FOR SALE', 10, -2626.97, 2318.72, 8.30951, 24.3769, 1341.18, 1084.38),
	('Medium-end', 8000, 0, 0, 'FOR SALE', 10, -2632.42, 2375.41, 9.03252, 24.3769, 1341.18, 1084.38),
	('Medium-end', 8000, 0, 0, 'FOR SALE', 10, -2634.85, 2402.25, 11.2495, 24.3769, 1341.18, 1084.38),
	('High-end', 10000, 0, 0, 'FOR SALE', 6, -2597.61, 2357.08, 9.88300, 234.283, 1065.23, 1084.21),
	('High-end', 10000, 0, 0, 'FOR SALE', 6, -2583.38, 2307.84, 7.00289, 234.283, 1065.23, 1084.21),
	('Low-end', 4000, 0, 0, 'FOR SALE', 9, -2552.01, 2266.59, 5.47552, 260.742, 1238.23, 1084.26),
	('Low-end', 4000, 0, 0, 'FOR SALE', 5, -2523.80, 2239.02, 5.39844, 22.8610, 1404.92, 1084.43),
	('Apartment', 2000, 0, 0, 'FOR SALE', 2, -2485.51, 2288.02, 4.98438, 225.571, 1240.06, 1082.14),
	('Apartment', 2000, 0, 0, 'FOR SALE', 2, -2493.89, 2287.90, 4.98438, 225.571, 1240.06, 1082.14),
	('Low-end', 4000, 0, 0, 'FOR SALE', 9, -2437.16, 2353.63, 4.96094, 260.742, 1238.23, 1084.26),
	('High-end', 10000, 0, 0, 'FOR SALE', 6, -2472.30, 2450.91, 17.3230, 234.283, 1065.23, 1084.21),
	('High-end', 10000, 0, 0, 'FOR SALE', 6, -2379.52, 2444.19, 10.1694, 234.283, 1065.23, 1084.21),
	('Medium-end', 8000, 0, 0, 'FOR SALE', 10, -2424.78, 2448.49, 13.1591, 24.3769, 1341.18, 1084.38),
	('Medium-end', 8000, 0, 0, 'FOR SALE', 10, -2421.19, 2406.62, 13.0264, 24.3769, 1341.18, 1084.38),
	('Medium-end', 8000, 0, 0, 'FOR SALE', 10, -2348.60, 2423.20, 7.33661, 24.3769, 1341.18, 1084.38),
	('Trailer', 1000, 0, 0, 'FOR SALE', 2, -2446.65, 2512.27, 15.7003, 1.18530, -3.2387, 999.428),
	('Trailer', 1000, 0, 0, 'FOR SALE', 2, -2478.62, 2488.95, 18.2300, 1.18530, -3.2387, 999.428)
